0 3500 2000 999999999 1000 999999999 999999999 999999999 999999999 7000 4000 1500 999999999 6500 999999999
3500 0 999999999 1520 999999999 999999999 999999999 2500 999999999 999999999 999999999 999999999 999999999 999999999 5000
2000 999999999 0 1500 999999999 3000 999999999 999999999 999999999 999999999 2000 1000 999999999 999999999 1500
999999999 1520 1500 0 999999999 1200 4500 999999999 6000 999999999 999999999 999999999 999999999 999999999 1000
1000 999999999 999999999 999999999 0 1500 999999999 999999999 999999999 999999999 999999999 999999999 999999999 999999999 999999999
999999999 999999999 3000 1200 1500 0 1950 999999999 999999999 999999999 999999999 999999999 999999999 999999999 999999999
999999999 999999999 999999999 4500 999999999 1950 0 999999999 999999999 2050 999999999 999999999 999999999 999999999 999999999
999999999 2500 999999999 999999999 999999999 999999999 999999999 0 5000 999999999 999999999 999999999 999999999 999999999 999999999
999999999 999999999 999999999 6000 999999999 999999999 999999999 5000 0 7000 999999999 999999999 999999999 999999999 999999999
7000 999999999 999999999 999999999 999999999 999999999 2050 999999999 7000 0 999999999 999999999 999999999 999999999 999999999
4000 999999999 2000 999999999 999999999 999999999 999999999 999999999 999999999 999999999 0 999999999 999999999 999999999 999999999
1500 999999999 1000 999999999 999999999 999999999 999999999 999999999 999999999 999999999 999999999 0 999999999 999999999 999999999
999999999 999999999 999999999 999999999 999999999 999999999 999999999 999999999 999999999 999999999 999999999 999999999 0 999999999 999999999
6500 999999999 999999999 999999999 999999999 999999999 999999999 999999999 999999999 999999999 999999999 999999999 999999999 0 999999999
999999999 5000 1500 1000 999999999 999999999 999999999 999999999 999999999 999999999 999999999 999999999 999999999 999999999 0
